-4.551198492835413500e-02 -6.916221510227470171e-02 1.346371721731826343e-01 -3.105477521023751186e-01
-1.622312638750216807e-01 -2.235429876834183760e-01 2.536626736932385065e-02 -1.302570328405233506e-02
4.714017428651574165e-02 -8.082370265323539638e-01 -1.349264126998371005e-01 -7.256032110164025717e-01
-2.824676199517108244e-01 -3.893100773017961203e-01 1.818305420081751944e-01 2.195823999709909102e-01
-3.735479308040239865e-01 5.476485254842359263e-01 -8.924542731146750674e-01 -1.826821650085630119e-02
-6.509626355919297946e-01 -3.791589942163848259e-01 4.616656123462312827e-02 -8.433540720651520883e-02
1.487274315005967240e-01 -4.472831527198073420e-01 -2.640169214756094562e-01 -3.275362292477516091e-01
1.356082144049842730e+00 -5.188677679561860545e-01 -3.921084980553670163e-01 -2.232519812088029354e-01
8.085898169875941344e-01 -4.742608353299780366e-01 8.980819000321511175e-03 -3.792230848192555959e-01
-2.036492321079912959e-01 4.267935300261995746e-01 -3.810808595683874006e-02 -1.509395384141586360e-01
6.290537443099907255e-01 -1.388354126241884978e-01 4.163419499739345886e-01 1.666973842112053628e-01
2.883654228705297418e-01 1.561679558859371264e-01 -3.071660303597097408e-01 -7.863324170467723973e-02
9.913422183207470928e-02 3.061824451359857480e-01 -3.991654361434678333e-01 -2.290380204260392683e-01
5.129679197758787446e-01 4.562280441129123315e-02 -1.632107914540478072e-02 -6.707060305631441961e-03
8.352581398009248370e-02 4.526818175870384597e-01 1.853568422446909281e-01 -3.628406029697069934e-01
6.306245687813547551e-01 4.310945502458221612e-01 -7.118145380671184741e-01 2.654167137912467611e-01
1.367825795129202771e-01 6.150151434589106181e-01 3.019029719861570094e-01 -2.273370758685557547e-01
-5.852660299634802055e-01 -1.367713303413858661e+00 7.926815572496098694e-01 2.025738131693250732e-01
-1.553842244463728428e-01 -1.899552793800554362e-01 -6.196584073418069938e-01 5.324639927205007117e-01
-6.629672273805639615e-02 -3.388657418944305832e-01 4.919289410877328850e-01 -5.199947500086723462e-01
-4.235737385957675794e-01 7.663954993215954525e-02 -1.314782595439679125e-01 4.296756510613194968e-01
2.568212221703373155e-01 -8.747653852422007312e-03 -2.979992199352306682e-03 -4.381238671971721677e-01
1.332749442564482543e-02 2.229185823350719187e-01 -3.616468516005834355e-02 1.361520427223337770e-01
6.201636399109944353e-01 3.970833122227265255e-01 -2.004076394980059128e-01 -6.676572908099928649e-02
-2.726980400935203330e-01 -2.017272447364302779e-01 1.814985025545759467e-01 1.808115294165174858e-01
-3.703222107287935105e-01 5.507523362362582997e-01 -5.550786626351313924e-01 5.355649205591872519e-01
-1.175597790068111242e-01 6.229842166463422926e-01 4.446598204820300659e-01 -4.623973087665179116e-01
6.255399170093669525e-01 -3.683840177034771249e-03 -4.477265393740118699e-02 -3.453157561213097970e-02
3.182132816850971602e-01 -2.732820300159974347e-01 -1.094344788246855993e-01 -1.926673941633559595e-01
-4.889315041227842995e-02 -9.720942982212514571e-02 -3.730796278534886240e-02 5.162139860805885216e-02
-2.872638055631939191e-01 4.830059024675181778e-01 3.015784820614169082e-01 -1.252615113059329099e-01
1.005399956419263385e-01 -2.087252684971745154e-02 5.654174137357524665e-02 -6.529770880224718133e-02
